Re Im 
0.392202	-0.741241
0.391487	-0.733386
0.388786	-0.726043
0.385838	-0.717755
0.383999	-0.713942
0.377673	-0.706511
0.374415	-0.699361
0.371209	-0.693473
0.370093	-0.686762
0.367026	-0.681093
0.365108	-0.673193
0.362623	-0.663316
0.361071	-0.658830
0.360775	-0.651645
0.358436	-0.646461
0.355002	-0.635691
0.352796	-0.630240
0.353397	-0.623474
0.348584	-0.614614
0.350533	-0.605995
0.347764	-0.601674
0.348672	-0.589971
0.345940	-0.580941
0.342387	-0.573385
0.342091	-0.565860
0.344133	-0.559648
0.341036	-0.551392
0.338631	-0.545192
0.339965	-0.538277
0.337906	-0.528169
0.335469	-0.523310
0.333118	-0.518005
0.332498	-0.513001
0.330767	-0.505219
0.330583	-0.497869
0.327082	-0.493394
0.328235	-0.483281
0.328096	-0.477515
0.325720	-0.472927
0.324839	-0.465245
0.321271	-0.458059
0.321886	-0.450480
0.321982	-0.442626
0.317686	-0.434209
0.317213	-0.429631
0.315884	-0.420389
0.315190	-0.413950
0.314657	-0.406229
0.313680	-0.401171
0.315987	-0.392815
0.313342	-0.387569
0.310898	-0.381183
0.310897	-0.374921
0.309380	-0.371208
0.311479	-0.364019
0.307586	-0.358679
0.309584	-0.353613
0.308734	-0.348182
0.309814	-0.342736
0.309133	-0.335958
0.310525	-0.330270
0.311624	-0.320541
0.311096	-0.317684
0.312215	-0.309393
0.311040	-0.300466
0.312555	-0.295543
0.312794	-0.288680
0.312118	-0.280118
0.310935	-0.272749
0.310738	-0.266329
0.310192	-0.258942
0.309796	-0.250311
0.306435	-0.245992
0.305851	-0.238823
0.303221	-0.229706
0.302327	-0.225755
0.302236	-0.220462
0.302405	-0.213565
0.300298	-0.211397
0.300536	-0.204151
0.304004	-0.199192
0.302974	-0.195167
0.303340	-0.190607
0.302675	-0.186151
0.305499	-0.180361
0.305755	-0.175768
0.307479	-0.169849
0.309348	-0.164533
0.312111	-0.156363
0.312924	-0.152919
0.315494	-0.145981
0.317251	-0.138173
0.317728	-0.129733
0.321533	-0.122335
0.321302	-0.115910
0.320950	-0.106788
0.319341	-0.098747
0.321295	-0.093916
0.319880	-0.085170
0.317368	-0.078769
0.319324	-0.071322
0.316505	-0.066028
0.317217	-0.058382
0.315995	-0.054208
0.315736	-0.048821
0.317170	-0.042377
0.316222	-0.040192
0.316594	-0.036860
0.314711	-0.031568
0.317869	-0.027091
0.319247	-0.021919
0.321562	-0.016825
0.322997	-0.012116
0.325528	-0.006686
0.329315	0.000031
0.332201	0.008393
0.335973	0.012279
0.340537	0.019793
0.340175	0.027870
0.345748	0.033537
0.345884	0.040842
0.350891	0.048467
0.347527	0.055219
0.351628	0.064398
0.352048	0.073505
0.347617	0.081704
0.351783	0.088778
0.350242	0.092467
0.350351	0.100295
0.351439	0.106678
0.350204	0.111355
0.349414	0.117303
0.350436	0.121337
0.348861	0.125816
0.351470	0.132007
0.353938	0.133820
0.356410	0.138335
0.357507	0.143496
0.361720	0.149250
0.363486	0.154143
0.368789	0.156520
0.374530	0.164123
0.375680	0.171307
0.381861	0.175325
0.386239	0.185465
0.391051	0.188310
0.393801	0.197351
0.399415	0.205116
0.404629	0.211875
0.403079	0.218135
0.408751	0.227708
0.408699	0.236525
0.410433	0.243439
0.415457	0.251041
0.416777	0.255836
0.410659	0.266528
0.414406	0.273166
0.417224	0.276770
0.416620	0.284187
0.417023	0.288682
0.419072	0.292132
0.423313	0.298670
0.424915	0.301528
0.426989	0.303651
0.429839	0.310855
0.433385	0.312374
0.438976	0.320755
0.443936	0.325729
0.449285	0.331663
0.455276	0.337770
0.459589	0.341664
0.465655	0.347025
0.474000	0.356032
0.479167	0.365570
0.484288	0.369398
0.488539	0.376380
0.500417	0.390012
0.503597	0.385960
0.500655	0.396290
0.505826	0.406278
0.506813	0.413522
0.511451	0.417377
0.513000	0.428662
0.517286	0.436764
0.522027	0.442170
0.523598	0.447100
0.527392	0.453093
0.532621	0.460511
0.535228	0.463802
0.540325	0.469118
0.546435	0.473470
0.550509	0.480942
0.555943	0.487222
0.562684	0.491958
0.571475	0.498026
0.576955	0.503980
0.585439	0.510692
0.593296	0.517004
0.602213	0.524615
0.610641	0.534066
0.617146	0.536665
0.624498	0.544624
0.632688	0.547488
0.644872	0.555000
0.644042	0.560833
0.652437	0.571608
0.660690	0.575552
0.660772	0.580805
0.667628	0.588293
0.676093	0.593529
0.678933	0.597689
0.688576	0.603865
0.697036	0.614469
0.707185	0.615554
0.714952	0.619822
0.724000	0.626951
0.733439	0.626239
0.744830	0.631431
0.752709	0.633419
0.768382	0.639796
0.781352	0.646698
0.788733	0.648231
0.799581	0.656442
0.813501	0.656178
0.824755	0.666372
0.838504	0.672106
0.844921	0.681779
0.857560	0.684126
0.861329	0.690012
0.873704	0.692288
0.884708	0.697234
0.889939	0.707132
0.901342	0.710529
0.912784	0.719740
0.917016	0.721612
0.930592	0.724645
0.938924	0.725130
0.948008	0.727719
0.961265	0.729379
0.970723	0.729300
0.983656	0.724426
1.001758	0.729802
1.015605	0.725104
1.028931	0.722155
1.050954	0.726396
1.062581	0.722071
1.083358	0.724901
1.096637	0.721402
1.118060	0.727149
1.130000	0.722406
1.149313	0.731168
1.171016	0.725670
1.181552	0.738773
1.194754	0.734821
1.207863	0.734452
1.221510	0.739445
1.235479	0.744033
1.240542	0.746244
1.258983	0.745998
1.272477	0.744482
1.288570	0.740852
1.300444	0.740564
1.307639	0.734032
1.321631	0.722648
1.330779	0.720839
1.349935	0.707354
1.360508	0.693494
1.376093	0.682782
1.392802	0.667657
1.408506	0.659466
1.420704	0.643311
1.446897	0.628847
1.459833	0.613352
1.479276	0.610011
1.496345	0.607768
1.510120	0.590849
1.535096	0.574787
1.562516	0.568956
1.571713	0.565770
1.591514	0.557280
1.611461	0.555557
1.627627	0.549631
1.635530	0.537243
1.649478	0.533136
1.658128	0.519428
1.666072	0.515303
1.684798	0.497824
1.689123	0.485567
1.694141	0.479303
1.696703	0.457406
1.698121	0.439297
1.700135	0.410717
1.706746	0.399416
1.716029	0.355890
1.725908	0.338320
1.713504	0.315985
1.736606	0.289438
1.741827	0.263127
1.732145	0.248283
1.740869	0.219364
1.758555	0.187685
1.779838	0.179395
1.776138	0.154044
1.790504	0.135463
1.806732	0.116692
1.808061	0.093586
1.836528	0.090516
1.839928	0.073604
1.849479	0.058252
1.844046	0.047851
1.845835	0.033966
1.845662	0.017169
1.855843	-0.009662
1.835202	-0.022378
1.828390	-0.035011
1.822193	-0.056411
1.809141	-0.073690
1.798127	-0.093291
1.782826	-0.114040
1.771784	-0.126484
1.754383	-0.156949
1.733135	-0.168984
1.723787	-0.225558
1.698391	-0.234314
1.701974	-0.235610
1.705301	-0.283679
1.704610	-0.286649
1.690726	-0.314888
1.699018	-0.329657
1.685296	-0.343232
1.680695	-0.381151
1.683929	-0.389168
1.683629	-0.412253
1.679548	-0.415964
1.688926	-0.433206
1.686030	-0.437475
1.671710	-0.448039
1.682077	-0.453205
1.661055	-0.455597
1.652220	-0.467268
1.636271	-0.458099
1.613870	-0.461165
1.586929	-0.468956
1.578174	-0.471753
1.556576	-0.473529
1.534812	-0.486036
1.517807	-0.489695
1.484600	-0.508918
1.465423	-0.507706
1.440278	-0.505872
1.410359	-0.514208
1.419058	-0.523215
1.390254	-0.548997
1.387897	-0.571096
1.394992	-0.588845
1.376645	-0.597898
1.362524	-0.605682
1.346725	-0.631501
1.357579	-0.636018
1.345596	-0.637314
1.340403	-0.648246
1.325692	-0.658932
1.335639	-0.656405
1.318961	-0.658306
1.316995	-0.662175
1.314083	-0.656301
1.303981	-0.658269
1.293791	-0.658222
1.279824	-0.659512
1.265409	-0.631494
1.252490	-0.637339
1.228367	-0.638972
1.225027	-0.611131
1.187700	-0.626186
1.189562	-0.617843
1.168755	-0.610189
1.135520	-0.611457
1.132369	-0.611521
1.121833	-0.616673
1.097687	-0.622397
1.076869	-0.623143
1.069846	-0.625415
1.065568	-0.623080
1.047791	-0.630610
1.033984	-0.642012
1.024393	-0.653995
1.025962	-0.655145
1.015894	-0.653030
1.004122	-0.659967
1.009410	-0.658583
0.998790	-0.665028
0.987475	-0.657332
0.983459	-0.656844
0.984193	-0.647069
0.975605	-0.639902
0.966656	-0.642069
0.959794	-0.630485
0.947116	-0.632268
0.940069	-0.619662
0.927186	-0.614904
0.916547	-0.604896
0.923619	-0.603767
0.901626	-0.584839
0.893109	-0.585938
0.876969	-0.578391
0.871843	-0.583478
0.860158	-0.580817
0.852583	-0.581070
0.844162	-0.579543
0.830463	-0.578161
0.819822	-0.566577
0.819306	-0.572795
0.808427	-0.568100
0.801336	-0.568253
0.797899	-0.570799
0.791190	-0.569188
0.787081	-0.566438
0.780378	-0.558805
0.777680	-0.561463
0.768414	-0.552348
0.770091	-0.547586
0.755301	-0.542843
0.756674	-0.541632
0.742896	-0.543355
0.748016	-0.526835
0.738361	-0.524497
0.733409	-0.514284
0.722795	-0.517615
0.719115	-0.506063
0.710401	-0.505343
0.716674	-0.503369
0.700231	-0.491956
0.701979	-0.495599
0.697892	-0.485701
0.691806	-0.487503
0.680373	-0.484817
0.676243	-0.481083
0.673322	-0.474370
0.674087	-0.472942
0.664762	-0.467199
0.662955	-0.466044
0.657674	-0.461998
0.655730	-0.452374
0.651300	-0.447897
0.644534	-0.442138
0.641375	-0.435583
0.642815	-0.432229
0.633584	-0.421938
0.629544	-0.416214
0.623217	-0.412505
0.620100	-0.403174
0.616465	-0.402438
0.609669	-0.397929
0.601470	-0.389228
0.599513	-0.397523
0.597842	-0.386133
0.593998	-0.384126
0.585633	-0.385216
0.583565	-0.378971
0.579018	-0.378170
0.576111	-0.381738
0.569924	-0.375938
0.573428	-0.372139
0.572851	-0.367262
0.572383	-0.365378
0.571150	-0.355097
0.570943	-0.355219
0.568779	-0.347894
0.569657	-0.342797
0.567190	-0.334438
0.565308	-0.322437
0.565571	-0.317722
0.564455	-0.311720
0.559178	-0.299580
0.555161	-0.291867
0.553953	-0.282890
0.550687	-0.277697
0.541849	-0.269476
0.537604	-0.266881
0.531033	-0.261608
0.525423	-0.260880
0.524030	-0.256001
0.516512	-0.252587
0.514172	-0.251847
0.509983	-0.251243
0.506492	-0.251833
0.502252	-0.250031
0.504263	-0.249584
0.502057	-0.249688
0.500925	-0.250100
0.502918	-0.245383
0.503033	-0.245309
0.506902	-0.235726
0.507439	-0.235293
0.511351	-0.231891
0.514950	-0.223444
0.516058	-0.216829
0.515520	-0.205558
0.516797	-0.199087
0.517336	-0.187656
0.519451	-0.179256
0.516123	-0.171833
0.512318	-0.161185
0.506608	-0.151356
0.505553	-0.143773
0.500537	-0.141516
0.496653	-0.137619
0.488641	-0.132123
0.484420	-0.126162
0.482445	-0.125078
0.476742	-0.123560
0.471372	-0.121277
0.468608	-0.121200
0.466917	-0.120774
0.468599	-0.119920
0.465420	-0.115434
0.466334	-0.117178
0.471479	-0.118172
0.471691	-0.114477
0.474579	-0.111610
0.477279	-0.106977
0.483377	-0.104128
0.485645	-0.096326
0.488829	-0.090960
0.498638	-0.085573
0.498519	-0.073838
0.497977	-0.065718
0.500698	-0.057457
0.505286	-0.048634
0.500576	-0.043372
0.500994	-0.033092
0.495700	-0.025451
0.491236	-0.019287
0.491044	-0.013863
0.489437	-0.008362
0.481756	-0.004718
0.477799	0.000673
0.472365	0.002746
0.471548	0.005361
0.471067	0.004930
0.467657	0.009457
0.468055	0.010182
0.468652	0.011006
0.473240	0.013167
0.472751	0.014809
0.477754	0.017994
0.484362	0.020286
0.486952	0.026294
0.488775	0.027258
0.490812	0.034375
0.491575	0.039092
0.498783	0.044650
0.504428	0.049352
0.505608	0.058202
0.511444	0.066706
0.513560	0.075610
0.513169	0.080582
0.513893	0.085520
0.509719	0.093978
0.507358	0.106084
0.508245	0.109958
0.510492	0.113672
0.506953	0.117427
0.506419	0.118880
0.507522	0.123247
0.508395	0.126458
0.505221	0.129558
0.508573	0.132364
0.508242	0.134495
0.514610	0.137872
0.512199	0.136821
0.520399	0.140834
0.521077	0.140762
0.527558	0.149988
0.534614	0.153369
0.537032	0.158944
0.541257	0.166568
0.548135	0.173905
0.553296	0.179372
0.554437	0.186120
0.552032	0.186863
0.556805	0.193981
0.555382	0.201727
0.553454	0.210869
0.551952	0.212573
0.557028	0.217733
0.557328	0.219297
0.557150	0.224907
0.558455	0.226062
0.559659	0.228497
0.561905	0.231501
0.564264	0.233046
0.568059	0.233554
0.570600	0.236893
0.578905	0.238896
0.585369	0.240124
0.592740	0.242713
0.597871	0.249962
0.609458	0.252548
0.622366	0.249312
0.620900	0.260601
0.627590	0.260195
0.632242	0.266262
0.637744	0.283217
0.639607	0.285381
0.637914	0.293093
0.645108	0.300473
0.648546	0.304992
0.647211	0.311420
0.648400	0.318460
0.646495	0.329643
0.647605	0.334290
0.645209	0.337237
0.648687	0.332799
0.647719	0.337964
0.648681	0.336225
0.651407	0.334620
0.654264	0.332234
0.659785	0.327782
0.667687	0.327945
0.676616	0.322184
0.686118	0.322123
0.697854	0.317488
0.709211	0.316238
0.722350	0.318782
0.736815	0.322676
0.749629	0.319708
0.757486	0.329583
0.775995	0.336542
0.787179	0.337217
0.794978	0.347301
0.803808	0.353754
0.800897	0.367897
0.814195	0.375591
0.818939	0.385504
0.813066	0.395792
0.817099	0.404152
0.809863	0.411709
0.806364	0.417509
0.805214	0.422666
0.802761	0.421381
0.800861	0.422461
0.799863	0.415619
0.798206	0.411091
0.801434	0.408502
0.804989	0.396364
0.811520	0.389135
0.816213	0.377250
0.826775	0.368429
0.835877	0.357553
0.851706	0.346165
0.867293	0.338793
0.884779	0.330021
0.893611	0.323409
0.916410	0.322670
0.930440	0.327281
0.954172	0.321506
0.968299	0.327664
0.973386	0.328364
0.993769	0.332637
1.004238	0.354274
1.015668	0.360068
1.026011	0.368326
1.023066	0.382658
1.025386	0.391022
1.033710	0.397554
1.025409	0.401017
1.024354	0.404844
1.019981	0.404677
1.014559	0.399391
1.014041	0.397246
1.013238	0.387791
1.010891	0.380600
1.010887	0.364818
1.012800	0.353805
1.015588	0.333265
1.017115	0.322864
1.027353	0.307578
1.040674	0.288691
1.046056	0.269765
1.065030	0.254191
1.072434	0.249271
1.083993	0.229449
1.102044	0.223194
1.117985	0.216467
1.125660	0.211206
1.151493	0.198184
1.159342	0.202290
1.174546	0.200145
1.189067	0.208053
1.190420	0.206491
1.201499	0.207302
1.203679	0.215513
1.212886	0.211536
1.204270	0.213441
1.207165	0.217844
1.198279	0.212518
1.195304	0.210823
1.190828	0.204065
1.181510	0.195022
1.177240	0.186754
1.171766	0.175563
1.164340	0.160390
1.157414	0.144544
1.153336	0.128889
1.152836	0.116440
1.150583	0.096218
1.152729	0.078914
1.151764	0.061290
1.153967	0.047284
1.161628	0.033953
1.163674	0.017168
1.165756	0.004382
1.168717	-0.008079
1.173592	-0.023784
1.173223	-0.028161
1.184050	-0.040489
1.187589	-0.050155
1.192071	-0.051869
1.191220	-0.062889
1.193869	-0.067849
1.193689	-0.074796
1.191962	-0.082741
1.187547	-0.083277
1.188371	-0.084381
1.182442	-0.093385
1.172748	-0.095199
1.168598	-0.098143
1.159833	-0.103980
1.156204	-0.107580
1.143263	-0.116433
1.139147	-0.121720
1.127809	-0.126145
1.119150	-0.132229
1.110627	-0.136196
1.100436	-0.141798
1.093040	-0.147735
1.083680	-0.151435
1.077363	-0.158389
1.066711	-0.166696
1.057314	-0.174970
1.046749	-0.179550
1.041312	-0.187502
1.028118	-0.198518
1.023176	-0.200396
1.011675	-0.209516
1.003009	-0.222908
0.995446	-0.227580
0.986766	-0.239574
0.980185	-0.246915
0.971642	-0.257238
0.969818	-0.260926
0.958936	-0.269037
0.957173	-0.274843
0.953790	-0.278653
0.950231	-0.284815
0.947833	-0.282752
0.944188	-0.286679
0.942112	-0.288141
0.939638	-0.285376
0.941408	-0.282034
0.938082	-0.276048
0.930501	-0.271845
0.924201	-0.268226
0.912066	-0.262764
0.910325	-0.251492
0.903173	-0.246320
0.889255	-0.246939
0.884935	-0.238571
0.864764	-0.239500
0.852351	-0.232236
0.835480	-0.233937
0.823008	-0.234583
0.805819	-0.238782
0.790688	-0.242862
0.779645	-0.246995
0.761896	-0.251390
0.748177	-0.255644
0.737235	-0.265151
0.727532	-0.268851
0.722539	-0.276317
0.716571	-0.278611
0.714455	-0.281860
0.714110	-0.284815
0.712792	-0.288593
0.716616	-0.287819
0.710888	-0.289527
0.714037	-0.287066
0.720368	-0.281168
0.719790	-0.273887
0.726097	-0.265979
0.724434	-0.258555
0.716616	-0.249450
0.712222	-0.240624
0.713334	-0.222661
0.706144	-0.220643
0.687233	-0.209823
0.681457	-0.199434
0.673426	-0.190198
0.652033	-0.183389
0.633052	-0.183472
0.620956	-0.175232
0.606257	-0.174868
0.592585	-0.172902
0.576648	-0.177061
0.567829	-0.178799
0.558654	-0.181917
0.549713	-0.183592
0.545774	-0.185248
0.539539	-0.187716
0.541183	-0.187351
0.537267	-0.188662
0.540208	-0.190906
0.543547	-0.197332
0.550575	-0.187915
0.556429	-0.183355
0.561268	-0.181856
0.568057	-0.182331
0.565427	-0.166058
0.571961	-0.160708
0.576766	-0.140459
0.572918	-0.140720
0.569145	-0.122649
0.562376	-0.116699
0.556437	-0.098879
0.541113	-0.090352
0.530927	-0.074643
0.518514	-0.070796
0.508302	-0.066141
0.493536	-0.062625
0.476706	-0.063827
0.469200	-0.053343
0.456107	-0.054886
0.453091	-0.053635
0.440083	-0.054984
0.432156	-0.057220
0.428440	-0.061869
0.426333	-0.059592
0.429050	-0.066473
0.430783	-0.066144
0.440178	-0.063941
0.438442	-0.064994
0.444847	-0.065347
0.456309	-0.061292
0.456580	-0.057523
0.465601	-0.049476
0.468951	-0.040709
0.470007	-0.027991
0.469161	-0.019812
0.474425	-0.008190
0.472202	0.004862
0.468403	0.012406
0.464664	0.031009
0.453071	0.044231
0.447939	0.051300
0.440146	0.060818
0.428329	0.067394
0.419064	0.073043
0.401884	0.079827
0.398608	0.081160
0.390613	0.087609
0.387427	0.081273
0.381007	0.086574
0.376340	0.085295
0.381404	0.086725
0.375926	0.082903
0.378583	0.088883
0.379714	0.086263
0.391197	0.089041
0.395857	0.086230
0.399839	0.090282
0.403803	0.095111
0.414048	0.095503
0.425422	0.107742
0.433256	0.108850
0.428459	0.125061
0.428933	0.133238
0.439306	0.142928
0.435143	0.150568
0.429645	0.163342
0.427374	0.178305
0.424968	0.182828
0.417364	0.195654
0.414456	0.202300
0.405177	0.209839
0.400140	0.216530
0.390984	0.217416
0.387279	0.224882
0.385612	0.223418
0.381011	0.229834
0.376516	0.232741
0.377883	0.231744
0.374925	0.227800
0.380011	0.236670
0.380335	0.234105
0.377623	0.232306
0.393127	0.237371
0.397487	0.239387
0.397341	0.241133
0.408125	0.244413
0.407593	0.254300
0.415666	0.259160
0.423021	0.265697
0.420795	0.276052
0.427045	0.284950
0.430169	0.293817
0.437269	0.299543
0.438756	0.313342
0.440130	0.318182
0.440170	0.325845
0.437000	0.331709
0.441189	0.336805
0.437823	0.339133
0.436942	0.342259
0.436870	0.347690
0.437053	0.356577
0.436351	0.359966
0.438624	0.361226
0.444251	0.363264
0.443918	0.372524
0.447667	0.381095
0.456149	0.376952
0.456111	0.381235
0.466404	0.388591
0.466655	0.398911
0.470618	0.403577
0.476673	0.402058
0.492528	0.409462
0.493410	0.416033
0.494449	0.420951
0.502440	0.425877
0.504630	0.428230
0.511564	0.433736
0.516556	0.432451
0.519922	0.439419
0.522219	0.439611
0.524652	0.444228
0.529867	0.441203
0.533598	0.444344
0.541318	0.445479
0.543167	0.445891
0.552010	0.448042
0.557666	0.450350
0.563466	0.454115
0.573769	0.453941
0.581557	0.455731
0.587576	0.461532
0.597995	0.466628
0.600899	0.469494
0.608102	0.470638
0.608734	0.480189
0.619661	0.484439
0.627093	0.488430
0.633141	0.489998
0.635388	0.493582
0.636840	0.493649
0.643673	0.490703
0.641335	0.491845
0.637349	0.484605
0.649540	0.475324
0.652685	0.468047
0.652800	0.460045
0.654190	0.445263
0.659371	0.436274
0.662977	0.422102
0.666585	0.407894
0.675157	0.396088
0.677171	0.390691
0.684620	0.380700
0.692204	0.374559
0.700015	0.372765
0.711898	0.368492
0.729424	0.365629
0.740565	0.358163
0.753041	0.367367
0.760557	0.368226
0.767584	0.375288
0.776611	0.377617
0.777301	0.382700
0.775242	0.388747
0.778350	0.396097
0.772054	0.402708
0.762960	0.404415
0.747888	0.405916
0.738899	0.404069
0.722385	0.401927
0.707374	0.394958
0.696193	0.389415
0.678425	0.377924
0.666752	0.372186
0.650693	0.353147
0.649683	0.341633
0.638482	0.321023
0.630411	0.301669
0.632567	0.286109
0.627283	0.268605
0.627343	0.265279
0.628778	0.240954
0.639598	0.242067
0.643652	0.237116
0.646315	0.228921
0.652788	0.226365
0.664087	0.234830
0.678282	0.232512
0.673715	0.245831
0.685130	0.252399
0.693576	0.270336
0.685504	0.281912
0.687072	0.299426
0.671667	0.316446
0.658406	0.334977
0.649017	0.349143
0.631601	0.358993
0.612786	0.370966
0.593162	0.374372
0.573520	0.378864
0.551843	0.378523
0.537563	0.372052
0.521199	0.373866
0.503537	0.353980
0.488833	0.350197
0.477188	0.333641
0.469324	0.323197
0.461368	0.318083
0.457122	0.311860
0.462438	0.302245
0.458889	0.300592
0.475036	0.291506
0.469521	0.294129
0.485149	0.301390
0.502209	0.308064
0.512585	0.318151
0.519929	0.313725
0.536692	0.336892
0.555168	0.346732
0.554393	0.366299
0.558213	0.385014
0.556910	0.408991
0.552184	0.423660
0.542534	0.441514
0.534251	0.462251
0.520097	0.474991
0.504077	0.492270
0.491942	0.500875
0.474424	0.507432
0.460567	0.507833
0.442991	0.507282
0.425047	0.504795
0.412404	0.508842
0.405441	0.503787
0.390845	0.490848
0.383731	0.487345
0.374815	0.482122
0.380065	0.477916
0.375275	0.474306
0.385313	0.488195
0.380501	0.471511
0.389834	0.482204
0.390579	0.481691
0.403781	0.479390
0.430661	0.485675
0.442775	0.489320
0.445028	0.508668
0.454985	0.519489
0.470758	0.536557
0.474226	0.554442
0.481056	0.570906
0.479514	0.575794
0.481272	0.601918
0.474209	0.616721
0.471294	0.636132
0.472018	0.642408
0.462292	0.656320
0.454708	0.666224
0.441219	0.670685
0.433884	0.683996
0.420228	0.690754
0.407082	0.695259
0.401858	0.691738
0.391253	0.700075
0.385385	0.699640
0.378241	0.706205
0.384199	0.705120
0.373150	0.714483
0.365747	0.710447
0.387241	0.711017
0.389137	0.723042
0.392516	0.715951
0.404547	0.725336
0.410134	0.718302
0.420453	0.720958
0.431939	0.722376
0.434098	0.731861
0.429671	0.732213
0.446471	0.733012
0.459224	0.735366
0.449674	0.751716
0.461463	0.763394
0.472578	0.789134
0.470727	0.788738
0.481388	0.801324
0.467373	0.820299
0.476859	0.827085
0.473661	0.848500
0.450478	0.861313
0.438429	0.888104
0.443106	0.895389
0.434206	0.913500
0.427926	0.923549
0.404891	0.947486
0.400950	0.961869
0.391317	0.970153
0.385727	0.981169
0.375265	0.975354
0.381676	0.973139
0.380866	0.979643
0.377865	0.981485
0.367924	0.977258
0.375832	0.983539
