Re Im 
0.251497	-0.695720
0.250555	-0.689332
0.249630	-0.682970
0.248723	-0.676645
0.247829	-0.670333
0.246957	-0.664069
0.246099	-0.657817
0.245260	-0.651601
0.244436	-0.645408
0.243629	-0.639237
0.242838	-0.633089
0.242067	-0.626975
0.241309	-0.620870
0.240571	-0.614799
0.239849	-0.608748
0.239144	-0.602718
0.238453	-0.596697
0.237782	-0.590707
0.237128	-0.584737
0.236491	-0.578786
0.235872	-0.572854
0.235270	-0.566940
0.234686	-0.561045
0.234117	-0.555157
0.233568	-0.549298
0.233037	-0.543456
0.232523	-0.537621
0.232028	-0.531813
0.231549	-0.526012
0.231089	-0.520226
0.230648	-0.514457
0.230226	-0.508704
0.229821	-0.502967
0.229436	-0.497245
0.229069	-0.491538
0.228722	-0.485846
0.228391	-0.480158
0.228082	-0.474496
0.227789	-0.468837
0.227518	-0.463202
0.227264	-0.457571
0.227029	-0.451953
0.226814	-0.446349
0.226618	-0.440758
0.226441	-0.435180
0.226284	-0.429614
0.226146	-0.424061
0.226027	-0.418520
0.225926	-0.412982
0.225846	-0.407465
0.225786	-0.401960
0.225743	-0.396457
0.225722	-0.390974
0.225718	-0.385493
0.225734	-0.380033
0.225770	-0.374583
0.225824	-0.369135
0.225898	-0.363706
0.225992	-0.358288
0.226103	-0.352870
0.226234	-0.347471
0.226384	-0.342082
0.226554	-0.336702
0.226740	-0.331323
0.226947	-0.325962
0.227173	-0.320610
0.227417	-0.315266
0.227680	-0.309932
0.227961	-0.304605
0.228260	-0.299287
0.228579	-0.293987
0.228915	-0.288685
0.229270	-0.283391
0.229643	-0.278105
0.230035	-0.272835
0.230443	-0.267564
0.230871	-0.262309
0.231316	-0.257052
0.231779	-0.251810
0.232259	-0.246567
0.232758	-0.241339
0.233274	-0.236109
0.233809	-0.230894
0.234360	-0.225676
0.234929	-0.220464
0.235517	-0.215267
0.236121	-0.210067
0.236742	-0.204872
0.237382	-0.199683
0.238039	-0.194500
0.238713	-0.189321
0.239405	-0.184147
0.240114	-0.178970
0.240840	-0.173798
0.241585	-0.168630
0.242347	-0.163466
0.243127	-0.158307
0.243924	-0.153144
0.244739	-0.147985
0.245572	-0.142821
0.246422	-0.137662
0.247291	-0.132505
0.248178	-0.127353
0.249083	-0.122187
0.250007	-0.117033
0.250949	-0.111874
0.251910	-0.106709
0.252890	-0.101548
0.253888	-0.096381
0.254906	-0.091208
0.255943	-0.086039
0.257001	-0.080863
0.258078	-0.075690
0.259175	-0.070502
0.260293	-0.065317
0.261431	-0.060126
0.262591	-0.054928
0.263771	-0.049724
0.264974	-0.044522
0.266199	-0.039305
0.267445	-0.034081
0.268715	-0.028851
0.270007	-0.023614
0.271323	-0.018370
0.272663	-0.013120
0.274028	-0.007854
0.275417	-0.002589
0.276831	0.002691
0.278271	0.007979
0.279738	0.013281
0.281231	0.018591
0.282751	0.023909
0.284300	0.029242
0.285876	0.034590
0.287481	0.039938
0.289117	0.045310
0.290782	0.050690
0.292478	0.056077
0.294206	0.061487
0.295966	0.066906
0.297758	0.072332
0.299584	0.077782
0.301444	0.083240
0.303339	0.088714
0.305270	0.094203
0.307237	0.099700
0.309242	0.105221
0.311285	0.110758
0.313366	0.116302
0.315487	0.121870
0.317649	0.127445
0.319852	0.133044
0.322097	0.138658
0.324385	0.144280
0.326718	0.149925
0.329095	0.155585
0.331520	0.161268
0.333991	0.166958
0.336510	0.172671
0.339078	0.178398
0.341696	0.184140
0.344366	0.189904
0.347087	0.195682
0.349862	0.201475
0.352692	0.207288
0.355577	0.213115
0.358520	0.218964
0.361520	0.224825
0.364578	0.230699
0.367698	0.236593
0.370880	0.242508
0.374125	0.248433
0.377432	0.254370
0.380808	0.260334
0.384249	0.266309
0.387758	0.272293
0.391337	0.278295
0.394988	0.284314
0.398711	0.290349
0.402508	0.296393
0.406381	0.302451
0.410331	0.308525
0.414360	0.314613
0.418467	0.320706
0.422657	0.326812
0.426932	0.332938
0.431291	0.339066
0.435737	0.345206
0.440269	0.351347
0.444893	0.357504
0.449610	0.363669
0.454420	0.369841
0.459326	0.376018
0.464326	0.382192
0.469428	0.388377
0.474630	0.394564
0.479936	0.400752
0.485350	0.406948
0.490867	0.413134
0.496495	0.419324
0.502231	0.425502
0.508082	0.431681
0.514052	0.437861
0.520133	0.444022
0.526338	0.450181
0.532663	0.456325
0.539114	0.462463
0.545690	0.468583
0.552393	0.474684
0.559229	0.480772
0.566196	0.486835
0.573296	0.492872
0.580536	0.498888
0.587919	0.504881
0.595442	0.510840
0.603111	0.516770
0.610925	0.522660
0.618891	0.528515
0.627005	0.534324
0.635276	0.540092
0.643706	0.545815
0.652291	0.551482
0.661040	0.557097
0.669955	0.562656
0.679039	0.568155
0.688286	0.573581
0.697706	0.578941
0.707301	0.584225
0.717071	0.589431
0.727020	0.594552
0.737149	0.599584
0.747460	0.604522
0.757957	0.609361
0.768640	0.614095
0.779511	0.618719
0.790574	0.623227
0.801828	0.627611
0.813277	0.631866
0.824921	0.635986
0.836761	0.639962
0.848800	0.643790
0.861038	0.647460
0.873477	0.650966
0.886115	0.654299
0.898954	0.657452
0.911996	0.660416
0.925238	0.663181
0.938683	0.665740
0.952328	0.668084
0.966172	0.670202
0.980215	0.672086
0.994456	0.673724
1.008891	0.675109
1.023519	0.676228
1.038338	0.677069
1.053342	0.677630
1.068531	0.677884
1.083898	0.677835
1.099441	0.677461
1.115152	0.676758
1.131026	0.675713
1.147057	0.674312
1.163239	0.672542
1.179562	0.670391
1.196017	0.667852
1.212597	0.664905
1.229291	0.661544
1.246088	0.657758
1.262977	0.653532
1.279945	0.648854
1.296981	0.643721
1.314068	0.638112
1.331191	0.632014
1.348336	0.625428
1.365483	0.618331
1.382619	0.610723
1.399722	0.602596
1.416776	0.593940
1.433759	0.584748
1.450650	0.575013
1.467426	0.564729
1.484061	0.553881
1.500541	0.542485
1.516835	0.530530
1.532921	0.518013
1.548771	0.504936
1.564362	0.491299
1.579673	0.477115
1.594666	0.462369
1.609320	0.447080
1.623608	0.431252
1.637506	0.414896
1.650987	0.398022
1.664014	0.380640
1.676573	0.362766
1.688640	0.344419
1.700168	0.325605
1.711167	0.306362
1.721581	0.286692
1.731413	0.266631
1.740630	0.246197
1.749202	0.225413
1.757124	0.204311
1.764381	0.182916
1.770945	0.161258
1.776818	0.139369
1.781964	0.117276
1.786400	0.095017
1.790095	0.072620
1.793056	0.050120
1.795269	0.027552
1.796747	0.004948
1.797478	-0.017657
1.797455	-0.040228
1.796708	-0.062734
1.795221	-0.085138
1.793003	-0.107410
1.790079	-0.129518
1.786439	-0.151427
1.782110	-0.173110
1.777109	-0.194538
1.771457	-0.215685
1.765148	-0.236514
1.758229	-0.257011
1.750710	-0.277151
1.742604	-0.296902
1.733947	-0.316254
1.724763	-0.335187
1.715060	-0.353672
1.704883	-0.371708
1.694240	-0.389267
1.683167	-0.406346
1.671693	-0.422936
1.659837	-0.439017
1.647623	-0.454588
1.635089	-0.469651
1.622245	-0.484183
1.609126	-0.498192
1.595756	-0.511680
1.582156	-0.524635
1.568348	-0.537062
1.554366	-0.548970
1.540223	-0.560358
1.525939	-0.571217
1.511547	-0.581576
1.497055	-0.591421
1.482490	-0.600770
1.467866	-0.609621
1.453204	-0.617995
1.438520	-0.625889
1.423834	-0.633324
1.409151	-0.640291
1.394493	-0.646811
1.379872	-0.652894
1.365300	-0.658553
1.350791	-0.663799
1.336356	-0.668642
1.322003	-0.673086
1.307742	-0.677142
1.293583	-0.680832
1.279532	-0.684157
1.265599	-0.687140
1.251791	-0.689782
1.238112	-0.692094
1.224569	-0.694089
1.211165	-0.695776
1.197908	-0.697168
1.184800	-0.698275
1.171843	-0.699107
1.159044	-0.699676
1.146402	-0.699981
1.133920	-0.700045
1.121602	-0.699871
1.109446	-0.699468
1.097455	-0.698846
1.085630	-0.698012
1.073972	-0.696975
1.062481	-0.695743
1.051155	-0.694324
1.039997	-0.692723
1.029006	-0.690950
1.018179	-0.689010
1.007519	-0.686911
0.997021	-0.684659
0.986688	-0.682260
0.976516	-0.679719
0.966506	-0.677042
0.956655	-0.674236
0.946962	-0.671304
0.937427	-0.668252
0.928045	-0.665085
0.918819	-0.661808
0.909744	-0.658424
0.900819	-0.654939
0.892043	-0.651355
0.883414	-0.647677
0.874930	-0.643908
0.866590	-0.640052
0.858392	-0.636113
0.850333	-0.632093
0.842412	-0.627995
0.834628	-0.623822
0.826980	-0.619577
0.819464	-0.615264
0.812080	-0.610883
0.804826	-0.606437
0.797700	-0.601930
0.790702	-0.597362
0.783828	-0.592737
0.777078	-0.588054
0.770450	-0.583318
0.763944	-0.578530
0.757556	-0.573691
0.751288	-0.568803
0.745135	-0.563867
0.739098	-0.558885
0.733175	-0.553858
0.727366	-0.548788
0.721669	-0.543675
0.716079	-0.538520
0.710604	-0.533328
0.705238	-0.528099
0.699976	-0.522828
0.694823	-0.517524
0.689778	-0.512187
0.684835	-0.506812
0.679994	-0.501401
0.675261	-0.495962
0.670628	-0.490490
0.666096	-0.484985
0.661670	-0.479456
0.657344	-0.473897
0.653112	-0.468302
0.648984	-0.462688
0.644951	-0.457040
0.641022	-0.451374
0.637186	-0.445677
0.633449	-0.439957
0.629805	-0.434208
0.626264	-0.428445
0.622816	-0.422656
0.619461	-0.416841
0.616204	-0.411008
0.613039	-0.405151
0.609972	-0.399279
0.606997	-0.393384
0.604119	-0.387476
0.601330	-0.381541
0.598637	-0.375594
0.596041	-0.369635
0.593534	-0.363652
0.591120	-0.357653
0.588802	-0.351645
0.586572	-0.345615
0.584436	-0.339572
0.582396	-0.333523
0.580446	-0.327455
0.578588	-0.321376
0.576824	-0.315286
0.575150	-0.309180
0.573571	-0.303072
0.572084	-0.296950
0.570689	-0.290821
0.569386	-0.284679
0.568176	-0.278531
0.567058	-0.272373
0.566034	-0.266211
0.565101	-0.260040
0.564264	-0.253867
0.563519	-0.247686
0.562868	-0.241506
0.562307	-0.235314
0.561847	-0.229122
0.561477	-0.222928
0.561200	-0.216731
0.561017	-0.210532
0.560930	-0.204333
0.560940	-0.198133
0.561047	-0.191934
0.561249	-0.185738
0.561545	-0.179539
0.561938	-0.173352
0.562430	-0.167157
0.563017	-0.160969
0.563707	-0.154789
0.564489	-0.148614
0.565375	-0.142441
0.566357	-0.136275
0.567443	-0.130116
0.568626	-0.123973
0.569911	-0.117833
0.571299	-0.111705
0.572793	-0.105584
0.574386	-0.099479
0.576083	-0.093384
0.577886	-0.087302
0.579795	-0.081240
0.581808	-0.075189
0.583930	-0.069156
0.586159	-0.063138
0.588495	-0.057138
0.590943	-0.051162
0.593502	-0.045208
0.596172	-0.039272
0.598955	-0.033358
0.601852	-0.027474
0.604862	-0.021611
0.607990	-0.015783
0.611230	-0.009978
0.614590	-0.004203
0.618070	0.001537
0.621669	0.007245
0.625391	0.012916
0.629235	0.018552
0.633201	0.024150
0.637293	0.029708
0.641513	0.035219
0.645858	0.040687
0.650331	0.046107
0.654938	0.051479
0.659674	0.056803
0.664543	0.062068
0.669549	0.067281
0.674689	0.072432
0.679966	0.077519
0.685380	0.082550
0.690936	0.087506
0.696636	0.092394
0.702475	0.097207
0.708460	0.101943
0.714592	0.106599
0.720871	0.111173
0.727296	0.115656
0.733876	0.120050
0.740602	0.124343
0.747486	0.128541
0.754521	0.132630
0.761712	0.136612
0.769062	0.140477
0.776565	0.144225
0.784230	0.147847
0.792057	0.151339
0.800041	0.154697
0.808188	0.157910
0.816498	0.160976
0.824971	0.163889
0.833607	0.166644
0.842405	0.169226
0.851365	0.171633
0.860494	0.173860
0.869782	0.175895
0.879232	0.177733
0.888847	0.179365
0.898621	0.180780
0.908555	0.181973
0.918645	0.182930
0.928891	0.183646
0.939292	0.184111
0.949841	0.184313
0.960538	0.184242
0.971378	0.183888
0.982356	0.183240
0.993468	0.182286
1.004709	0.181016
1.016071	0.179419
1.027549	0.177482
1.039135	0.175192
1.050821	0.172539
1.062597	0.169510
1.074453	0.166093
1.086380	0.162277
1.098364	0.158047
1.110393	0.153391
1.122452	0.148299
1.134529	0.142758
1.146607	0.136757
1.158667	0.130284
1.170693	0.123329
1.182667	0.115883
1.194561	0.107932
1.206363	0.099471
1.218041	0.090490
1.229579	0.080984
1.240943	0.070945
1.252112	0.060369
1.263058	0.049254
1.273750	0.037596
1.284162	0.025396
1.294257	0.012655
1.304006	-0.000623
1.313379	-0.014432
1.322342	-0.028766
1.330862	-0.043613
1.338903	-0.058962
1.346434	-0.074798
1.353424	-0.091103
1.359834	-0.107858
1.365635	-0.125038
1.370795	-0.142619
1.375284	-0.160573
1.379070	-0.178869
1.382135	-0.197475
1.384438	-0.216350
1.385974	-0.235463
1.386704	-0.254766
1.386622	-0.274222
1.385711	-0.293786
1.383954	-0.313407
1.381345	-0.333041
1.377877	-0.352638
1.373551	-0.372153
1.368369	-0.391533
1.362337	-0.410734
1.355460	-0.429698
1.347751	-0.448380
1.339230	-0.466728
1.329915	-0.484702
1.319832	-0.502261
1.309006	-0.519352
1.297466	-0.535939
1.285247	-0.551990
1.272381	-0.567458
1.258909	-0.582324
1.244866	-0.596548
1.230294	-0.610102
1.215236	-0.622977
1.199737	-0.635150
1.183838	-0.646596
1.167583	-0.657307
1.151016	-0.667272
1.134183	-0.676492
1.117124	-0.684960
1.099884	-0.692674
1.082504	-0.699639
1.065023	-0.705861
1.047481	-0.711348
1.029916	-0.716110
1.012363	-0.720158
0.994855	-0.723508
0.977427	-0.726176
0.960104	-0.728177
0.942919	-0.729533
0.925896	-0.730262
0.909060	-0.730385
0.892433	-0.729922
0.876035	-0.728896
0.859886	-0.727330
0.844002	-0.725245
0.828397	-0.722664
0.813087	-0.719611
0.798081	-0.716106
0.783389	-0.712172
0.769022	-0.707832
0.754986	-0.703106
0.741287	-0.698016
0.727930	-0.692582
0.714919	-0.686824
0.702257	-0.680761
0.689946	-0.674414
0.677987	-0.667797
0.666379	-0.660930
0.655123	-0.653831
0.644218	-0.646514
0.633662	-0.638995
0.623452	-0.631290
0.613587	-0.623412
0.604064	-0.615374
0.594873	-0.607182
0.586023	-0.598864
0.577498	-0.590415
0.569308	-0.581864
0.561433	-0.573203
0.553877	-0.564450
0.546636	-0.555615
0.539710	-0.546714
0.533083	-0.537739
0.526757	-0.528706
0.520726	-0.519622
0.514986	-0.510493
0.509539	-0.501334
0.504372	-0.492143
0.499480	-0.482917
0.494870	-0.473685
0.490524	-0.464428
0.486449	-0.455166
0.482637	-0.445903
0.479084	-0.436636
0.475785	-0.427367
0.472743	-0.418117
0.469948	-0.408872
0.467400	-0.399643
0.465096	-0.390432
0.463036	-0.381251
0.461211	-0.372085
0.459625	-0.362952
0.458275	-0.353855
0.457155	-0.344788
0.456266	-0.335760
0.455607	-0.326772
0.455175	-0.317827
0.454969	-0.308926
0.454989	-0.300077
0.455235	-0.291283
0.455701	-0.282536
0.456393	-0.273854
0.457306	-0.265230
0.458441	-0.256665
0.459799	-0.248175
0.461379	-0.239754
0.463179	-0.231403
0.465203	-0.223131
0.467450	-0.214946
0.469919	-0.206842
0.472612	-0.198827
0.475530	-0.190910
0.478673	-0.183092
0.482042	-0.175374
0.485636	-0.167764
0.489459	-0.160272
0.493512	-0.152904
0.497792	-0.145655
0.502304	-0.138547
0.507047	-0.131574
0.512022	-0.124751
0.517229	-0.118079
0.522670	-0.111572
0.528346	-0.105237
0.534254	-0.099082
0.540395	-0.093113
0.546771	-0.087350
0.553382	-0.081792
0.560220	-0.076457
0.567293	-0.071356
0.574594	-0.066500
0.582122	-0.061897
0.589872	-0.057569
0.597840	-0.053526
0.606026	-0.049776
0.614422	-0.046338
0.623022	-0.043232
0.631814	-0.040468
0.640799	-0.038064
0.649963	-0.036031
0.659294	-0.034390
0.668781	-0.033158
0.678410	-0.032348
0.688171	-0.031981
0.698040	-0.032073
0.708004	-0.032636
0.718039	-0.033690
0.728129	-0.035245
0.738245	-0.037327
0.748364	-0.039938
0.758460	-0.043095
0.768500	-0.046808
0.778455	-0.051089
0.788294	-0.055944
0.797980	-0.061378
0.807477	-0.067396
0.816747	-0.073997
0.825754	-0.081182
0.834454	-0.088941
0.842810	-0.097270
0.850779	-0.106157
0.858321	-0.115583
0.865392	-0.125533
0.871956	-0.135979
0.877971	-0.146898
0.883400	-0.158261
0.888205	-0.170027
0.892357	-0.182163
0.895825	-0.194625
0.898575	-0.207369
0.900592	-0.220348
0.901856	-0.233512
0.902343	-0.246804
0.902051	-0.260175
0.900973	-0.273571
0.899109	-0.286931
0.896461	-0.300204
0.893035	-0.313337
0.888852	-0.326268
0.883928	-0.338952
0.878287	-0.351336
0.871955	-0.363376
0.864966	-0.375022
0.857352	-0.386239
0.849154	-0.396987
0.840408	-0.407235
0.831161	-0.416952
0.821455	-0.426113
0.811335	-0.434698
0.800845	-0.442690
0.790032	-0.450079
0.778943	-0.456852
0.767619	-0.463016
0.756110	-0.468559
0.744451	-0.473485
0.732688	-0.477811
0.720859	-0.481531
0.708995	-0.484659
0.697145	-0.487222
0.685325	-0.489218
0.673572	-0.490671
0.661920	-0.491605
0.650390	-0.492038
0.639005	-0.491986
0.627785	-0.491471
0.616754	-0.490520
0.605923	-0.489149
0.595307	-0.487380
0.584925	-0.485243
0.574785	-0.482753
0.564900	-0.479943
0.555271	-0.476819
0.545905	-0.473405
0.536815	-0.469732
0.528000	-0.465814
0.519464	-0.461674
0.511207	-0.457325
0.503228	-0.452780
0.495531	-0.448069
0.488115	-0.443204
0.480974	-0.438197
0.474114	-0.433075
0.467524	-0.427840
0.461205	-0.422510
0.455150	-0.417095
0.449361	-0.411621
0.443828	-0.406088
0.438549	-0.400511
0.433517	-0.394897
0.428728	-0.389263
0.424180	-0.383623
0.419861	-0.377975
0.415769	-0.372332
0.411899	-0.366708
0.408243	-0.361108
0.404798	-0.355545
0.401553	-0.350015
0.398506	-0.344537
0.395648	-0.339108
0.392972	-0.333739
0.390475	-0.328441
0.388149	-0.323217
0.385985	-0.318071
0.383978	-0.313003
0.382122	-0.308033
0.380408	-0.303156
0.378830	-0.298372
0.377382	-0.293700
0.376054	-0.289133
0.374840	-0.284674
0.373732	-0.280331
0.372723	-0.276106
0.371807	-0.272008
0.370973	-0.268030
0.370213	-0.264174
0.369520	-0.260449
0.368889	-0.256863
0.368307	-0.253402
0.367767	-0.250074
0.367261	-0.246881
0.366780	-0.243822
0.366317	-0.240900
0.365861	-0.238107
0.365403	-0.235443
0.364938	-0.232917
0.364455	-0.230522
0.363945	-0.228251
0.363399	-0.226097
0.362811	-0.224076
0.362170	-0.222164
0.361470	-0.220371
